1.000000000000000021e-02 0.000000000000000000e+00
1.499999999999999944e-02 0.000000000000000000e+00
2.249999999999999917e-02 0.000000000000000000e+00
3.375000000000000222e-02 0.000000000000000000e+00
5.063000000000000139e-02 0.000000000000000000e+00
7.593999999999999362e-02 0.000000000000000000e+00
1.139000000000000012e-01 4.043943634363066034e-25
1.708999999999999964e-01 1.884996606596332966e-18
2.562999999999999723e-01 1.109227069560151961e-14
3.649999999999999911e-01 2.084563138574770501e-12
4.099999999999999756e-01 7.327720206008266280e-12
4.329999999999999960e-01 1.235679681186489189e-11
5.500000000000000444e-01 7.781280505959259655e-11
6.999999999999999556e-01 2.741318452903810429e-10
9.000000000000000222e-01 6.342587234514705854e-10
1.235000000000000098e+00 1.114306944919602997e-09
1.661999999999999922e+00 1.292284006620373576e-09
2.158999999999999808e+00 1.142971955876505968e-09
2.500000000000000000e+00 9.771503102144223965e-10
2.799999999999999822e+00 8.414450684690849191e-10
3.100000000000000089e+00 7.207980286821202819e-10
3.399999999999999911e+00 6.172048561733132185e-10
3.700000000000000178e+00 5.303027027027026896e-10
4.000000000000000000e+00 4.573702064705827620e-10
4.500000000000000000e+00 3.628482399607955790e-10
5.000000000000000000e+00 2.917299849284796068e-10
5.500000000000000000e+00 2.385727177742230827e-10
6.000000000000000000e+00 1.972080184186923980e-10
6.500000000000000000e+00 1.664384876700169245e-10
7.000000000000000000e+00 1.418736618246710602e-10
7.500000000000000000e+00 1.201571946630174410e-10
8.000000000000000000e+00 1.024502005529306170e-10
8.500000000000000000e+00 8.840797366644783364e-11
9.000000000000000000e+00 7.679682998770238463e-11
9.250000000000000000e+00 7.168066980425516938e-11
9.500000000000000000e+00 6.699992750876089102e-11
9.750000000000000000e+00 6.271831827722349732e-11
1.000000000000000000e+01 5.892655416963319640e-11
1.025000000000000000e+01 5.709417055783117611e-11
1.050000000000000000e+01 5.575163206997622921e-11
1.075000000000000000e+01 5.491708111806640119e-11
1.100000000000000000e+01 5.462680252609777013e-11
1.125000000000000000e+01 5.190544072639179825e-11
1.150000000000000000e+01 4.784154043883089885e-11
1.175000000000000000e+01 4.377764015126998006e-11
1.200000000000000000e+01 4.022172739965418016e-11
1.225000000000000000e+01 3.717380218398350561e-11
1.250000000000000000e+01 3.457943726826381991e-11
1.275000000000000000e+01 3.234792059250492142e-11
1.300000000000000000e+01 3.040668250871466690e-11
1.325000000000000000e+01 2.877386542889108571e-11
1.350000000000000000e+01 2.721361799705966390e-11
1.375000000000000000e+01 2.570779780122236566e-11
1.400000000000000000e+01 2.425640484137918130e-11
1.425000000000000000e+01 2.311343288550267350e-11
1.450000000000000000e+01 2.202488816562028927e-11
1.475000000000000000e+01 2.099077068173202215e-11
1.500000000000000000e+01 2.002922284583591441e-11
1.525000000000000000e+01 1.910395983393588475e-11
1.550000000000000000e+01 1.823312405802997543e-11
1.575000000000000000e+01 1.741671551811818645e-11
1.600000000000000000e+01 1.664203452580188790e-11
1.625000000000000000e+01 1.596169407587539493e-11
1.650000000000000000e+01 1.531582420874518130e-11
1.675000000000000000e+01 1.470261068321143535e-11
1.700000000000000000e+01 1.412023925807435835e-11
1.725000000000000000e+01 1.351428269733982995e-11
1.750000000000000000e+01 1.294098247820177247e-11
1.775000000000000000e+01 1.239671011826058036e-11
1.800000000000000000e+01 1.188146561751625038e-11
1.825000000000000000e+01 1.142064835276604074e-11
1.850000000000000000e+01 1.098341622361328250e-11
1.875000000000000000e+01 1.056614074765836526e-11
1.900000000000000000e+01 1.017063616610109907e-11
1.925000000000000000e+01 9.796902478941480685e-12
1.950000000000000000e+01 9.441311203779899725e-12
1.975000000000000000e+01 9.102048099416555838e-12
2.000000000000000000e+01 8.777298924651643827e-12
2.025000000000000000e+01 8.470692161884772468e-12
2.050000000000000000e+01 8.178599328716331369e-12
2.075000000000000000e+01 7.899206183946518566e-12
2.100000000000000000e+01 7.630698486375528862e-12
2.125000000000000000e+01 7.369447753603756712e-12
2.150000000000000000e+01 7.119082468030809276e-12
2.175000000000000000e+01 6.879602629656683324e-12
2.200000000000000000e+01 6.649193997281578506e-12
2.225000000000000000e+01 6.429670812105296787e-12
2.250000000000000000e+01 6.217404591728231813e-12
2.275000000000000000e+01 6.016023818549989939e-12
2.300000000000000000e+01 5.821900010170964811e-12
2.325000000000000000e+01 5.644104372590174331e-12
2.350000000000000000e+01 5.473565699808600597e-12
2.375000000000000000e+01 5.310283991826242801e-12
2.400000000000000000e+01 5.152445007443296555e-12
2.430000000000000071e+01 4.969206646263094526e-12
2.460000000000000142e+01 4.796853732281717211e-12
2.489999999999999858e+01 4.629943541899750638e-12
2.519999999999999929e+01 4.464847592717589262e-12
2.550000000000000000e+01 4.305194367134838627e-12
2.580000000000000071e+01 4.150983865151501157e-12
2.610000000000000142e+01 4.004030327967379625e-12
2.639999999999999858e+01 3.864333755582472416e-12
2.669999999999999929e+01 3.730079906796978372e-12
2.700000000000000000e+01 3.603083022810699458e-12
2.730000000000000071e+01 3.485157344823441274e-12
2.760000000000000142e+01 3.372674390435594236e-12
2.789999999999999858e+01 3.265634159647159555e-12
2.819999999999999929e+01 3.162222411258333247e-12
2.850000000000000000e+01 3.062439145269114504e-12
2.880000000000000071e+01 2.966284361679503326e-12
2.910000000000000142e+01 2.873758060489500522e-12
2.939999999999999858e+01 2.783046000499301701e-12
2.969999999999999929e+01 2.695962422908710850e-12
3.000000000000000000e+01 2.612507327717727967e-12
3.050000000000000000e+01 2.481881961331841488e-12
3.100000000000000000e+01 2.356699318545366962e-12
3.150000000000000000e+01 2.244216364157520328e-12
3.200000000000000000e+01 2.138990374568889632e-12
3.250000000000000000e+01 2.037392867379867308e-12
3.300000000000000000e+01 1.944866566189864099e-12
3.350000000000000000e+01 1.852340264999861295e-12
3.400000000000000000e+01 1.765619535649231078e-12
3.450000000000000000e+01 1.684160105778032498e-12
3.500000000000000000e+01 1.607417703026324197e-12
3.575000000000000000e+01 1.504550226997438842e-12
3.650000000000000000e+01 1.410028260487651533e-12
3.725000000000000000e+01 1.321856138177178169e-12
3.800000000000000000e+01 1.238582467106175403e-12
3.875000000000000000e+01 1.161840064354467101e-12
3.950000000000000000e+01 1.093080322881896412e-12
4.025000000000000000e+01 1.030126153248698716e-12
4.100000000000000000e+01 9.717075866150103752e-13
4.175000000000000000e+01 9.158289576610480973e-13
4.250000000000000000e+01 8.639416593466542217e-13
4.325000000000000000e+01 8.158642675518487338e-13
4.400000000000000000e+01 7.715967822766316335e-13
4.500000000000000000e+01 7.173509704024928205e-13
4.600000000000000000e+01 6.681850338878049217e-13
4.700000000000000000e+01 6.233732762526467674e-13
4.800000000000000000e+01 5.823714251370767988e-13
4.900000000000000000e+01 5.446352081811540628e-13
5.000000000000000000e+01 5.101646253848785595e-13
5.100000000000000000e+01 4.793225249882109242e-13
5.200000000000000000e+01 4.508389381512885293e-13
5.300000000000000000e+01 4.243510166341503861e-13
5.400000000000000000e+01 4.000401845567770647e-13
5.500000000000000000e+01 3.773621695592273091e-13
5.600000000000000000e+01 3.559541234015404335e-13
5.700000000000000000e+01 3.361788943236770733e-13
5.800000000000000000e+01 3.176736340856764921e-13
5.900000000000000000e+01 3.006197668075191086e-13
6.000000000000000000e+01 2.846544442492440855e-13
6.200000000000000000e+01 2.565337056522824270e-13
6.400000000000000000e+01 2.318600253349483187e-13
6.600000000000000000e+01 2.099077068173202124e-13
6.800000000000000000e+01 1.899510536194764588e-13
7.000000000000000000e+01 1.724980532773621947e-13
7.200000000000000000e+01 1.577664147349538821e-13
7.400000000000000000e+01 1.446313084483731172e-13
7.600000000000000000e+01 1.326936013536629185e-13
7.800000000000000000e+01 1.218262965668371089e-13
