1.000000000000000021e-02 0.000000000000000000e+00
1.499999999999999944e-02 0.000000000000000000e+00
2.249999999999999917e-02 0.000000000000000000e+00
3.375000000000000222e-02 0.000000000000000000e+00
5.063000000000000139e-02 0.000000000000000000e+00
7.593999999999999362e-02 0.000000000000000000e+00
1.139000000000000012e-01 3.086993878646858847e-25
1.708999999999999964e-01 1.662551652049400686e-18
2.562999999999999723e-01 9.227618220869875513e-15
3.649999999999999911e-01 1.806892321460533455e-12
4.099999999999999756e-01 6.428603293359585266e-12
4.329999999999999960e-01 1.089227703597637412e-11
5.500000000000000444e-01 6.971197780562018368e-11
6.999999999999999556e-01 2.488208376588508686e-10
9.000000000000000222e-01 5.847377483443709091e-10
1.235000000000000098e+00 1.052527947019867657e-09
1.661999999999999922e+00 1.249547692858421392e-09
2.158999999999999808e+00 1.122591118668337207e-09
2.500000000000000000e+00 9.656074709146233621e-10
2.799999999999999822e+00 8.349633613746195525e-10
3.100000000000000089e+00 7.176646178628959476e-10
3.399999999999999911e+00 6.159940003579738799e-10
3.700000000000000178e+00 5.303027027027026896e-10
4.000000000000000000e+00 4.583079649185609926e-10
4.500000000000000000e+00 3.647148057991766469e-10
5.000000000000000000e+00 2.939492464650080546e-10
5.500000000000000000e+00 2.409189761947377650e-10
6.000000000000000000e+00 1.996536996599248215e-10
6.500000000000000000e+00 1.689242384105960163e-10
7.000000000000000000e+00 1.443406694111329669e-10
7.500000000000000000e+00 1.223734945408985212e-10
8.000000000000000000e+00 1.044274891712905058e-10
8.500000000000000000e+00 9.020413853588688567e-11
9.000000000000000000e+00 7.842158510828709571e-11
9.250000000000000000e+00 7.320635654197243542e-11
9.500000000000000000e+00 6.846523966350455774e-11
9.750000000000000000e+00 6.411043601217111465e-11
1.000000000000000000e+01 6.024730374082692376e-11
1.025000000000000000e+01 5.852645391086450229e-11
1.050000000000000000e+01 5.734995453731878060e-11
1.075000000000000000e+01 5.668268623590478070e-11
1.100000000000000000e+01 5.657732808304993725e-11
1.125000000000000000e+01 5.380289672453910713e-11
1.150000000000000000e+01 4.953589153391802497e-11
1.175000000000000000e+01 4.523376695901199715e-11
1.200000000000000000e+01 4.149355253266511931e-11
1.225000000000000000e+01 3.828012887059244579e-11
1.250000000000000000e+01 3.557593628065151347e-11
1.275000000000000000e+01 3.325805691784499635e-11
1.300000000000000000e+01 3.123869232146053352e-11
1.325000000000000000e+01 2.957052156792554023e-11
1.350000000000000000e+01 2.795502989081796868e-11
1.375000000000000000e+01 2.639221729013782207e-11
1.400000000000000000e+01 2.488208376588509397e-11
1.425000000000000000e+01 2.370558439233935935e-11
1.450000000000000000e+01 2.259932378736352251e-11
1.475000000000000000e+01 2.154574225881510417e-11
1.500000000000000000e+01 2.054483980669411402e-11
1.525000000000000000e+01 1.961417612314300873e-11
1.550000000000000000e+01 1.871863182387685879e-11
1.575000000000000000e+01 1.787576660103812412e-11
1.600000000000000000e+01 1.707680060855557314e-11
1.625000000000000000e+01 1.638143679971362253e-11
1.650000000000000000e+01 1.572119237515661435e-11
1.675000000000000000e+01 1.509431136567030552e-11
1.700000000000000000e+01 1.449903780204045134e-11
1.725000000000000000e+01 1.387391276176839043e-11
1.750000000000000000e+01 1.328215113656703211e-11
1.775000000000000000e+01 1.272199695722212359e-11
1.800000000000000000e+01 1.219169425451942018e-11
1.825000000000000000e+01 1.171933853588688066e-11
1.850000000000000000e+01 1.126981041703955777e-11
1.875000000000000000e+01 1.084310989797744664e-11
1.900000000000000000e+01 1.043572504027205951e-11
1.925000000000000000e+01 1.005292375156613531e-11
1.950000000000000000e+01 9.687682155002683941e-12
1.975000000000000000e+01 9.338244281367460706e-12
2.000000000000000000e+01 9.006366099874710302e-12
2.025000000000000000e+01 8.692047610524432729e-12
2.050000000000000000e+01 8.393532844102380058e-12
2.075000000000000000e+01 8.105553892965814964e-12
2.100000000000000000e+01 7.831622695543226841e-12
2.125000000000000000e+01 7.562959405763379276e-12
2.150000000000000000e+01 7.304831931269017671e-12
2.175000000000000000e+01 7.058996241274387533e-12
2.200000000000000000e+01 6.821940397350993810e-12
2.225000000000000000e+01 6.595420368713083625e-12
2.250000000000000000e+01 6.379436155360658592e-12
2.275000000000000000e+01 6.170475818865223661e-12
2.300000000000000000e+01 5.972051297655270652e-12
2.325000000000000000e+01 5.789430499373545775e-12
2.350000000000000000e+01 5.615589547163056507e-12
2.375000000000000000e+01 5.447016502595310219e-12
2.400000000000000000e+01 5.285467334884553224e-12
2.430000000000000071e+01 5.099334598174332489e-12
2.460000000000000142e+01 4.920225738321102664e-12
2.489999999999999858e+01 4.749896724539108446e-12
2.519999999999999929e+01 4.579567710757115036e-12
2.550000000000000000e+01 4.414506604617862991e-12
2.580000000000000071e+01 4.256469375335600240e-12
2.610000000000000142e+01 4.105456022910327591e-12
2.639999999999999858e+01 3.961466547342044236e-12
2.669999999999999929e+01 3.824500948630750175e-12
2.700000000000000000e+01 3.692803257562197478e-12
2.730000000000000071e+01 3.571641381779129531e-12
2.760000000000000142e+01 3.455747413638804563e-12
2.789999999999999858e+01 3.345121353141220557e-12
2.819999999999999929e+01 3.239763200286379531e-12
2.850000000000000000e+01 3.137916985860032344e-12
2.880000000000000071e+01 3.039582709862179804e-12
2.910000000000000142e+01 2.944760372292823122e-12
2.939999999999999858e+01 2.851694003937712755e-12
2.969999999999999929e+01 2.762139574011097438e-12
3.000000000000000000e+01 2.676097082512976365e-12
3.050000000000000000e+01 2.539131483801682707e-12
3.100000000000000000e+01 2.412701700375872587e-12
3.150000000000000000e+01 2.296807732235546812e-12
3.200000000000000000e+01 2.187937640952210331e-12
3.250000000000000000e+01 2.084335457311616023e-12
3.300000000000000000e+01 1.987757150528011412e-12
3.350000000000000000e+01 1.892934812958653923e-12
3.400000000000000000e+01 1.803380383032038606e-12
3.450000000000000000e+01 1.720147442276713614e-12
3.500000000000000000e+01 1.641128827635582440e-12
3.575000000000000000e+01 1.535770674780741010e-12
3.650000000000000000e+01 1.438665577232862223e-12
3.725000000000000000e+01 1.348233162699122941e-12
3.800000000000000000e+01 1.262541865043851858e-12
3.875000000000000000e+01 1.183698847324145275e-12
3.950000000000000000e+01 1.113108884911401335e-12
4.025000000000000000e+01 1.048664814748523330e-12
4.100000000000000000e+01 9.889618614641131194e-13
4.175000000000000000e+01 9.315416681582246106e-13
4.250000000000000000e+01 8.783358009665295168e-13
4.325000000000000000e+01 8.291686629676033477e-13
4.400000000000000000e+01 7.836890603185967196e-13
4.500000000000000000e+01 7.282004331483801254e-13
4.600000000000000000e+01 6.779797136209057036e-13
4.700000000000000000e+01 6.319733202076248987e-13
4.800000000000000000e+01 5.900056559871129176e-13
4.900000000000000000e+01 5.517255271165204775e-13
5.000000000000000000e+01 5.164305459101485075e-13
5.100000000000000000e+01 4.849986969751207704e-13
5.200000000000000000e+01 4.560252049400394276e-13
5.300000000000000000e+01 4.291588759620546912e-13
5.400000000000000000e+01 4.042241131197422733e-13
5.500000000000000000e+01 3.812209164131018708e-13
5.600000000000000000e+01 3.594468981564345140e-13
5.700000000000000000e+01 3.392532521925899907e-13
5.800000000000000000e+01 3.204643816001431546e-13
5.900000000000000000e+01 3.030802863790943590e-13
6.000000000000000000e+01 2.869253696080186091e-13
6.200000000000000000e+01 2.583030714157866502e-13
6.400000000000000000e+01 2.333683085734741313e-13
6.600000000000000000e+01 2.108919026311079309e-13
6.800000000000000000e+01 1.906982566672632814e-13
7.000000000000000000e+01 1.730332063719348525e-13
7.200000000000000000e+01 1.581777068194022017e-13
7.400000000000000000e+01 1.449201392518346265e-13
7.600000000000000000e+01 1.328566307499552595e-13
7.800000000000000000e+01 1.218642634687667912e-13
