1.000000000000000021e-02 0.000000000000000000e+00
1.499999999999999944e-02 0.000000000000000000e+00
2.249999999999999917e-02 0.000000000000000000e+00
3.375000000000000222e-02 0.000000000000000000e+00
5.063000000000000139e-02 0.000000000000000000e+00
7.593999999999999362e-02 0.000000000000000000e+00
1.139000000000000012e-01 2.353686257502688997e-25
1.708999999999999964e-01 1.466671595600735490e-18
2.562999999999999723e-01 7.675433854907538659e-15
3.649999999999999911e-01 1.568273236651285420e-12
4.099999999999999756e-01 5.641699163862192797e-12
4.329999999999999960e-01 9.605354473857681971e-12
5.500000000000000444e-01 6.247564896089927836e-11
6.999999999999999556e-01 2.260083405613572578e-10
9.000000000000000222e-01 5.396629878916142853e-10
1.235000000000000098e+00 9.950834090830241053e-10
1.661999999999999922e+00 1.209178659403948108e-09
2.158999999999999808e+00 1.102981969260659907e-09
2.500000000000000000e+00 9.544087152621169711e-10
2.799999999999999822e+00 8.286405197238316748e-10
3.100000000000000089e+00 7.144450404191097514e-10
3.399999999999999911e+00 6.148856434097768818e-10
3.700000000000000178e+00 5.303027027027026896e-10
4.000000000000000000e+00 4.591645352669742825e-10
4.500000000000000000e+00 3.664126183950317631e-10
5.000000000000000000e+00 2.959551989730423445e-10
5.500000000000000000e+00 2.431972279082677123e-10
6.000000000000000000e+00 2.018417860736217448e-10
6.500000000000000000e+00 1.712081254553655051e-10
7.000000000000000000e+00 1.466331221593866093e-10
7.500000000000000000e+00 1.244237182111508109e-10
8.000000000000000000e+00 1.062477462443187791e-10
8.500000000000000000e+00 9.186694445408181368e-11
9.000000000000000000e+00 7.993683551330535154e-11
9.250000000000000000e+00 7.464401970648441490e-11
9.500000000000000000e+00 6.981070880893730971e-11
9.750000000000000000e+00 6.540286541997710463e-11
1.000000000000000000e+01 6.148856434097768818e-11
1.025000000000000000e+01 5.987178780834750651e-11
1.050000000000000000e+01 5.883364708739548057e-11
1.075000000000000000e+01 5.830606737674773476e-11
1.100000000000000000e+01 5.840817957880859337e-11
1.125000000000000000e+01 5.556605662144814712e-11
1.150000000000000000e+01 5.109013843111404061e-11
1.175000000000000000e+01 4.658018284009298339e-11
1.200000000000000000e+01 4.266588176109356694e-11
1.225000000000000000e+01 3.933021649377233206e-11
1.250000000000000000e+01 3.650511223675536440e-11
1.275000000000000000e+01 3.408845678798181826e-11
1.300000000000000000e+01 3.201217534607778576e-11
1.325000000000000000e+01 3.029328661138673901e-11
1.350000000000000000e+01 2.864247267806960017e-11
1.375000000000000000e+01 2.702569614543940557e-11
1.400000000000000000e+01 2.547699441418311887e-11
1.425000000000000000e+01 2.426866668979634257e-11
1.450000000000000000e+01 2.314543246712694630e-11
1.475000000000000000e+01 2.205623564514450397e-11
1.500000000000000000e+01 2.103511362453595985e-11
1.525000000000000000e+01 2.008206640530132039e-11
1.550000000000000000e+01 1.916305658675363488e-11
1.575000000000000000e+01 1.829510286923637221e-11
1.600000000000000000e+01 1.747820525274953885e-11
1.625000000000000000e+01 1.677533292856399394e-11
1.650000000000000000e+01 1.610139239496235747e-11
1.675000000000000000e+01 1.546148926204767172e-11
1.700000000000000000e+01 1.485392165978558817e-11
1.725000000000000000e+01 1.421231665683655553e-11
1.750000000000000000e+01 1.360474905457447198e-11
1.775000000000000000e+01 1.302951698296499388e-11
1.800000000000000000e+01 1.248321670193942421e-11
1.825000000000000000e+01 1.199988561218471369e-11
1.850000000000000000e+01 1.154038070291086932e-11
1.875000000000000000e+01 1.110129823404919732e-11
1.900000000000000000e+01 1.068434007563404296e-11
1.925000000000000000e+01 1.029290996773410164e-11
1.950000000000000000e+01 9.920200430211984180e-12
1.975000000000000000e+01 9.562807722998993575e-12
2.000000000000000000e+01 9.222433716129479944e-12
2.025000000000000000e+01 8.902482149672137066e-12
2.050000000000000000e+01 8.594443673455225647e-12
2.075000000000000000e+01 8.301722027547445927e-12
2.100000000000000000e+01 8.020913471880096051e-12
2.125000000000000000e+01 7.745210526315790074e-12
2.150000000000000000e+01 7.481420670991915556e-12
2.175000000000000000e+01 7.227842035874128030e-12
2.200000000000000000e+01 6.986176490996773578e-12
2.225000000000000000e+01 6.753020296291155998e-12
2.250000000000000000e+01 6.531777191825972299e-12
2.275000000000000000e+01 6.317341567498178582e-12
2.300000000000000000e+01 6.113117163376471050e-12
2.325000000000000000e+01 5.927613329632585766e-12
2.350000000000000000e+01 5.748916976026090463e-12
2.375000000000000000e+01 5.577028102556985950e-12
2.400000000000000000e+01 5.411946709225272227e-12
2.430000000000000071e+01 5.221337265378343850e-12
2.460000000000000142e+01 5.037535301668805456e-12
2.489999999999999858e+01 4.863944558165354053e-12
2.519999999999999929e+01 4.690353814661901843e-12
2.550000000000000000e+01 4.520166811227145027e-12
2.580000000000000071e+01 4.356787287929778193e-12
2.610000000000000142e+01 4.201917114804149847e-12
2.639999999999999858e+01 4.053854421815910674e-12
2.669999999999999929e+01 3.912599208965062291e-12
2.700000000000000000e+01 3.776449606217257808e-12
2.730000000000000071e+01 3.653914963744231673e-12
2.760000000000000142e+01 3.536485931374249438e-12
2.789999999999999858e+01 3.422460639072963002e-12
2.819999999999999929e+01 3.313540956874718042e-12
2.850000000000000000e+01 3.208025014745168881e-12
2.880000000000000071e+01 3.107614682718662004e-12
2.910000000000000142e+01 3.010608090760850522e-12
2.939999999999999858e+01 2.915303368837386334e-12
2.969999999999999929e+01 2.823402386982618348e-12
3.000000000000000000e+01 2.734905145196544142e-12
3.050000000000000000e+01 2.595351802380044264e-12
3.100000000000000000e+01 2.464307809735280854e-12
3.150000000000000000e+01 2.345176907330950921e-12
3.200000000000000000e+01 2.234555355098358668e-12
3.250000000000000000e+01 2.129039412968809911e-12
3.300000000000000000e+01 2.030330950976650732e-12
3.350000000000000000e+01 1.931622488984491553e-12
3.400000000000000000e+01 1.841423377164070457e-12
3.450000000000000000e+01 1.754628005412344351e-12
3.500000000000000000e+01 1.673448804773965284e-12
3.575000000000000000e+01 1.565550244596329226e-12
3.650000000000000000e+01 1.466331221593866101e-12
3.725000000000000000e+01 1.373579304721923660e-12
3.800000000000000000e+01 1.285592623946154208e-12
3.875000000000000000e+01 1.204753797314644639e-12
3.950000000000000000e+01 1.132594507858307601e-12
4.025000000000000000e+01 1.066561950525621950e-12
4.100000000000000000e+01 1.005464816292544339e-12
4.175000000000000000e+01 9.467503001075530195e-13
4.250000000000000000e+01 8.921202720049959920e-13
4.325000000000000000e+01 8.419151059917427557e-13
4.400000000000000000e+01 7.954540540540540093e-13
4.500000000000000000e+01 7.386115949068451368e-13
4.600000000000000000e+01 6.873853068729834032e-13
4.700000000000000000e+01 6.404136939249904082e-13
4.800000000000000000e+01 5.976967560628665557e-13
4.900000000000000000e+01 5.585537452728723428e-13
5.000000000000000000e+01 5.224741005447038235e-13
5.100000000000000000e+01 4.904789438989695963e-13
5.200000000000000000e+01 4.610365923047567133e-13
5.300000000000000000e+01 4.338066717551955239e-13
5.400000000000000000e+01 4.084488082434167814e-13
5.500000000000000000e+01 3.851331887728550334e-13
5.600000000000000000e+01 3.630088783263366333e-13
5.700000000000000000e+01 3.424162509107310295e-13
5.800000000000000000e+01 3.233553065260382726e-13
5.900000000000000000e+01 3.056558581688235121e-13
6.000000000000000000e+01 2.891477188356520994e-13
6.200000000000000000e+01 2.602159282517434145e-13
6.400000000000000000e+01 2.350282517433993711e-13
6.600000000000000000e+01 2.122231932831419222e-13
6.800000000000000000e+01 1.916305658675363437e-13
7.000000000000000000e+01 1.735907435034521094e-13
7.200000000000000000e+01 1.586483246018804581e-13
7.400000000000000000e+01 1.452716261319085430e-13
7.600000000000000000e+01 1.330862366859799505e-13
7.800000000000000000e+01 1.219560066613468456e-13
