1.000000000000000021e-02 0.000000000000000000e+00
1.499999999999999944e-02 0.000000000000000000e+00
2.249999999999999917e-02 0.000000000000000000e+00
3.375000000000000222e-02 0.000000000000000000e+00
5.063000000000000139e-02 0.000000000000000000e+00
7.593999999999999362e-02 0.000000000000000000e+00
1.139000000000000012e-01 0.000000000000000000e+00
1.708999999999999964e-01 6.535136145841131843e-19
2.562999999999999723e-01 4.291265291607396463e-15
3.649999999999999911e-01 1.241106636969379215e-12
4.099999999999999756e-01 4.641984876843602180e-12
4.329999999999999960e-01 8.077567829602455788e-12
5.500000000000000444e-01 5.886947593022384566e-11
6.999999999999999556e-01 2.357717002320880385e-10
9.000000000000000222e-01 6.061389271543010254e-10
1.235000000000000098e+00 1.144521033914801129e-09
1.661999999999999922e+00 1.360828715280377116e-09
2.158999999999999808e+00 1.204014827431309382e-09
2.500000000000000000e+00 1.024982578423298654e-09
2.799999999999999822e+00 8.725756382421202393e-10
3.100000000000000089e+00 7.385309800104814688e-10
3.399999999999999911e+00 6.246848319233360275e-10
3.700000000000000178e+00 5.303027027027026896e-10
4.000000000000000000e+00 4.524466272366549485e-10
4.500000000000000000e+00 3.518213221531780881e-10
5.000000000000000000e+00 2.783721943550198740e-10
5.500000000000000000e+00 2.234689713258965328e-10
6.000000000000000000e+00 1.821905615033315967e-10
6.500000000000000000e+00 1.506625233959721499e-10
7.000000000000000000e+00 1.261488769933368177e-10
7.500000000000000000e+00 1.068684809463202923e-10
8.000000000000000000e+00 9.142580182675749737e-11
8.500000000000000000e+00 7.897617466496966382e-11
9.000000000000000000e+00 6.884019502882383968e-11
9.250000000000000000e+00 6.476376843602606342e-11
9.500000000000000000e+00 6.109131204611813721e-11
9.750000000000000000e+00 5.780446357715055882e-11
1.000000000000000000e+01 5.514193269446732233e-11
1.025000000000000000e+01 5.705161001721943000e-11
1.050000000000000000e+01 6.002629969304483744e-11
1.075000000000000000e+01 6.413945084974170860e-11
1.100000000000000000e+01 6.957468630680542751e-11
1.125000000000000000e+01 6.749974844650745094e-11
1.150000000000000000e+01 6.065061727932917934e-11
1.175000000000000000e+01 5.326897993561428371e-11
1.200000000000000000e+01 4.704416635472036693e-11
1.225000000000000000e+01 4.181091599910159243e-11
1.250000000000000000e+01 3.764267799655611123e-11
1.275000000000000000e+01 3.437419180953806737e-11
1.300000000000000000e+01 3.171166092685483088e-11
1.325000000000000000e+01 3.009578011529534671e-11
1.350000000000000000e+01 2.842481245788725249e-11
1.375000000000000000e+01 2.671712023658007307e-11
1.400000000000000000e+01 2.497270345137380844e-11
1.425000000000000000e+01 2.388932881635098061e-11
1.450000000000000000e+01 2.286104102717675959e-11
1.475000000000000000e+01 2.185111551995208602e-11
1.500000000000000000e+01 2.085955229467694698e-11
1.525000000000000000e+01 2.008833645279628687e-11
1.550000000000000000e+01 1.937220745676424326e-11
1.575000000000000000e+01 1.867444074268174064e-11
1.600000000000000000e+01 1.801890727708317647e-11
1.625000000000000000e+01 1.740744328816350939e-11
1.650000000000000000e+01 1.682903140675301027e-11
1.675000000000000000e+01 1.627265426368196614e-11
1.700000000000000000e+01 1.574565677173017597e-11
1.725000000000000000e+01 1.528476349479673465e-11
1.750000000000000000e+01 1.484774118439769403e-11
1.775000000000000000e+01 1.442724492775323577e-11
1.800000000000000000e+01 1.402878340944822767e-11
1.825000000000000000e+01 1.365419285767762189e-11
1.850000000000000000e+01 1.329429213146664469e-11
1.875000000000000000e+01 1.295091745901025632e-11
1.900000000000000000e+01 1.262039638391854439e-11
1.925000000000000000e+01 1.230272890619151049e-11
1.950000000000000000e+01 1.199791502582915303e-11
1.975000000000000000e+01 1.170411851463651984e-11
2.000000000000000000e+01 1.141950314441865553e-11
2.025000000000000000e+01 1.115875874073519514e-11
2.050000000000000000e+01 1.090352302163659447e-11
2.075000000000000000e+01 1.066114089990267346e-11
2.100000000000000000e+01 1.042426746275361216e-11
2.125000000000000000e+01 1.019841139477427513e-11
2.150000000000000000e+01 9.978064011379799429e-12
2.175000000000000000e+01 9.768733997155051228e-12
2.200000000000000000e+01 9.563076439320205732e-12
2.225000000000000000e+01 9.372108707044995287e-12
2.250000000000000000e+01 9.186649659354644555e-12
2.275000000000000000e+01 9.008535524444112156e-12
2.300000000000000000e+01 8.834093845923485693e-12
2.325000000000000000e+01 8.659652167402859230e-12
2.350000000000000000e+01 8.488882945272143550e-12
2.375000000000000000e+01 8.325458635921239741e-12
2.400000000000000000e+01 8.163870554765292939e-12
2.430000000000000071e+01 7.976575278879986815e-12
2.460000000000000142e+01 7.796624915774500641e-12
2.489999999999999858e+01 7.618510780863966626e-12
2.519999999999999929e+01 7.445905330538293939e-12
2.550000000000000000e+01 7.273299880212622060e-12
2.580000000000000071e+01 7.106203114471813123e-12
2.610000000000000142e+01 6.946451261510817673e-12
2.639999999999999858e+01 6.799553005914501885e-12
2.669999999999999929e+01 6.654490978513138256e-12
2.700000000000000000e+01 6.514937635696638379e-12
2.730000000000000071e+01 6.369875608295275558e-12
2.760000000000000142e+01 6.226649809088866513e-12
2.789999999999999858e+01 6.088932694467320411e-12
2.819999999999999929e+01 5.954888036235681860e-12
2.850000000000000000e+01 5.820843378004042502e-12
2.880000000000000071e+01 5.692307404357265278e-12
2.910000000000000142e+01 5.565607658905442638e-12
2.939999999999999858e+01 5.444416598038482132e-12
2.969999999999999929e+01 5.325061765366473787e-12
3.000000000000000000e+01 5.207543160889420833e-12
3.050000000000000000e+01 5.001885603054577760e-12
3.100000000000000000e+01 4.803572957999549790e-12
3.150000000000000000e+01 4.612605225724339346e-12
3.200000000000000000e+01 4.430818634423897780e-12
3.250000000000000000e+01 4.258213184098225093e-12
3.300000000000000000e+01 4.091116418357415348e-12
3.350000000000000000e+01 3.929528337201466931e-12
3.400000000000000000e+01 3.777121397020288199e-12
3.450000000000000000e+01 3.628386913229018231e-12
3.500000000000000000e+01 3.486997342217563770e-12
3.575000000000000000e+01 3.277667327992812338e-12
3.650000000000000000e+01 3.081190911132739355e-12
3.725000000000000000e+01 2.895731863442389834e-12
3.800000000000000000e+01 2.723126413116717550e-12
3.875000000000000000e+01 2.561538331960769537e-12
3.950000000000000000e+01 2.410967619974544985e-12
4.025000000000000000e+01 2.267741820768136748e-12
4.100000000000000000e+01 2.130024706146589838e-12
4.175000000000000000e+01 2.001488732499812614e-12
4.250000000000000000e+01 1.882133899827805885e-12
4.325000000000000000e+01 1.769756734296623382e-12
4.400000000000000000e+01 1.665458972823238744e-12
4.500000000000000000e+01 1.537473867634947935e-12
4.600000000000000000e+01 1.418669903421426814e-12
4.700000000000000000e+01 1.310332439919143344e-12
4.800000000000000000e+01 1.211726985850116178e-12
4.900000000000000000e+01 1.121568181477876744e-12
5.000000000000000000e+01 1.039305158343939636e-12
5.100000000000000000e+01 9.649379164483042479e-13
5.200000000000000000e+01 8.966302275960171074e-13
5.300000000000000000e+01 8.341984689675824732e-13
5.400000000000000000e+01 7.767245264655235585e-13
5.500000000000000000e+01 7.240247772703451270e-13
5.600000000000000000e+01 6.749974844650744488e-13
5.700000000000000000e+01 6.301935165081978385e-13
5.800000000000000000e+01 5.886947593022384081e-13
5.900000000000000000e+01 5.505012128471962587e-13
6.000000000000000000e+01 5.156128771430709863e-13
6.200000000000000000e+01 4.540992326121134419e-13
6.400000000000000000e+01 4.015831062364303476e-13
6.600000000000000000e+01 3.560446470015721866e-13
6.800000000000000000e+01 3.167493636295575092e-13
7.000000000000000000e+01 2.825955192034139390e-13
7.200000000000000000e+01 2.533994909036460377e-13
7.400000000000000000e+01 2.280595418132814289e-13
7.600000000000000000e+01 2.058411806543385366e-13
7.800000000000000000e+01 1.863771617878266108e-13
