1.000000000000000021e-02 0.000000000000000000e+00
1.499999999999999944e-02 0.000000000000000000e+00
2.249999999999999917e-02 0.000000000000000000e+00
3.375000000000000222e-02 0.000000000000000000e+00
5.063000000000000139e-02 0.000000000000000000e+00
7.593999999999999362e-02 0.000000000000000000e+00
1.139000000000000012e-01 0.000000000000000000e+00
1.708999999999999964e-01 7.662864614703704079e-19
2.562999999999999723e-01 5.076482618610066851e-15
3.649999999999999911e-01 1.396457490883550239e-12
4.099999999999999756e-01 5.168988252046992489e-12
4.329999999999999960e-01 8.952279872610238685e-12
5.500000000000000444e-01 6.413094628270136186e-11
6.999999999999999556e-01 2.533521634129680056e-10
9.000000000000000222e-01 6.433861199041690292e-10
1.235000000000000098e+00 1.200496577602878981e-09
1.661999999999999922e+00 1.412315599472737275e-09
2.158999999999999808e+00 1.236554895942578330e-09
2.500000000000000000e+00 1.046068805865317195e-09
2.799999999999999822e+00 8.857886369103171881e-10
3.100000000000000089e+00 7.457086777058297866e-10
3.399999999999999911e+00 6.277167983219958778e-10
3.700000000000000178e+00 5.303027027027026896e-10
4.000000000000000000e+00 4.504457987357240056e-10
4.500000000000000000e+00 3.477456669200350292e-10
5.000000000000000000e+00 2.731747991494520816e-10
5.500000000000000000e+00 2.180489931013249135e-10
6.000000000000000000e+00 1.766857598645281278e-10
6.500000000000000000e+00 1.452716018973761865e-10
7.000000000000000000e+00 1.209558353939557217e-10
7.500000000000000000e+00 1.019261050869310190e-10
8.000000000000000000e+00 8.674762972299462202e-11
8.500000000000000000e+00 7.455198906988155738e-11
9.000000000000000000e+00 6.464067120163951938e-11
9.250000000000000000e+00 6.058175055083563653e-11
9.500000000000000000e+00 5.691928261476143392e-11
9.750000000000000000e+00 5.363438869271550834e-11
1.000000000000000000e+01 5.085921968960772736e-11
1.025000000000000000e+01 5.133118720714306558e-11
1.050000000000000000e+01 5.261493885483917391e-11
1.075000000000000000e+01 5.474823203409889103e-11
1.100000000000000000e+01 5.786321764983210390e-11
1.125000000000000000e+01 5.584319667478087053e-11
1.150000000000000000e+01 5.055716047838511478e-11
1.175000000000000000e+01 4.493130766936392714e-11
1.200000000000000000e+01 4.017387509260773856e-11
1.225000000000000000e+01 3.611495444180385571e-11
1.250000000000000000e+01 3.284893922045933333e-11
1.275000000000000000e+01 3.022479982296287479e-11
1.300000000000000000e+01 2.803487054159891579e-11
1.325000000000000000e+01 2.660008928829149794e-11
1.350000000000000000e+01 2.516530803498407686e-11
1.375000000000000000e+01 2.369276938027383325e-11
1.400000000000000000e+01 2.223910942626499928e-11
1.425000000000000000e+01 2.123853828909008743e-11
1.450000000000000000e+01 2.029460325401941745e-11
1.475000000000000000e+01 1.938842562035157324e-11
1.500000000000000000e+01 1.851056603773584673e-11
1.525000000000000000e+01 1.779506328115228200e-11
1.550000000000000000e+01 1.711731792597153981e-11
1.575000000000000000e+01 1.647544210212348565e-11
1.600000000000000000e+01 1.586377219939769016e-11
1.625000000000000000e+01 1.529552330828514333e-11
1.650000000000000000e+01 1.475748033829486163e-11
1.675000000000000000e+01 1.424209180914627798e-11
1.700000000000000000e+01 1.375690920111995301e-11
1.725000000000000000e+01 1.332081121491730120e-11
1.750000000000000000e+01 1.290736766955635067e-11
1.775000000000000000e+01 1.251280282489680980e-11
1.800000000000000000e+01 1.213900455100882438e-11
1.825000000000000000e+01 1.178597284789239281e-11
1.850000000000000000e+01 1.144804410533709220e-11
1.875000000000000000e+01 1.112710619341306512e-11
1.900000000000000000e+01 1.081938337198002641e-11
1.925000000000000000e+01 1.052298777096783510e-11
1.950000000000000000e+01 1.023980726044663379e-11
1.975000000000000000e+01 9.966066100276138913e-12
2.000000000000000000e+01 9.705540030596634025e-12
2.025000000000000000e+01 9.462004791548401054e-12
2.050000000000000000e+01 9.226021032780733560e-12
2.075000000000000000e+01 9.001364494433913472e-12
2.100000000000000000e+01 8.782371566297519510e-12
2.125000000000000000e+01 8.574705858581971340e-12
2.150000000000000000e+01 8.372703761076847680e-12
2.175000000000000000e+01 8.178253143852289497e-12
2.200000000000000000e+01 7.991354006908296789e-12
2.225000000000000000e+01 7.815782090385151488e-12
2.250000000000000000e+01 7.645873784072430698e-12
2.275000000000000000e+01 7.481629087970136035e-12
2.300000000000000000e+01 7.323048002078262652e-12
2.325000000000000000e+01 7.166354786256530233e-12
2.350000000000000000e+01 7.011549440504940396e-12
2.375000000000000000e+01 6.864295575033916842e-12
2.400000000000000000e+01 6.720817449703173603e-12
2.430000000000000071e+01 6.552797013460595394e-12
2.460000000000000142e+01 6.392328057498581853e-12
2.489999999999999858e+01 6.235634841676850243e-12
2.519999999999999929e+01 6.082717365995401370e-12
2.550000000000000000e+01 5.931687760384093463e-12
2.580000000000000071e+01 5.786321764983210066e-12
2.610000000000000142e+01 5.646619379792751181e-12
2.639999999999999858e+01 5.518244215023140510e-12
2.669999999999999929e+01 5.391756920323669996e-12
2.700000000000000000e+01 5.269045365764483028e-12
2.730000000000000071e+01 5.146333811205296061e-12
2.760000000000000142e+01 5.023622256646109093e-12
2.789999999999999858e+01 4.906574312297345828e-12
2.819999999999999929e+01 4.791414238018723528e-12
2.850000000000000000e+01 4.678142033810243002e-12
2.880000000000000071e+01 4.570533439812186986e-12
2.910000000000000142e+01 4.464812715884271936e-12
2.939999999999999858e+01 4.360979862026497851e-12
2.969999999999999929e+01 4.260922748309007311e-12
3.000000000000000000e+01 4.164641374731798702e-12
3.050000000000000000e+01 3.994733068419077104e-12
3.100000000000000000e+01 3.832376242386922598e-12
3.150000000000000000e+01 3.677570896635332761e-12
3.200000000000000000e+01 3.530317031164307591e-12
3.250000000000000000e+01 3.388726775903707337e-12
3.300000000000000000e+01 3.252800130853530786e-12
3.350000000000000000e+01 3.124424966083919307e-12
3.400000000000000000e+01 2.999825541454590970e-12
3.450000000000000000e+01 2.880889727035686336e-12
3.500000000000000000e+01 2.767617522827206214e-12
3.575000000000000000e+01 2.601484956654768162e-12
3.650000000000000000e+01 2.444791740833036955e-12
3.725000000000000000e+01 2.299425745432153155e-12
3.800000000000000000e+01 2.161611230311835639e-12
3.875000000000000000e+01 2.035123935612365933e-12
3.950000000000000000e+01 1.914300251123319526e-12
4.025000000000000000e+01 1.802349555963938321e-12
4.100000000000000000e+01 1.694552174958867886e-12
4.175000000000000000e+01 1.593928700220334290e-12
4.250000000000000000e+01 1.500290344741323718e-12
4.325000000000000000e+01 1.412881960493779705e-12
4.400000000000000000e+01 1.331137186456659597e-12
4.500000000000000000e+01 1.230891285732154436e-12
4.600000000000000000e+01 1.138008078281200534e-12
4.700000000000000000e+01 1.053431499138868372e-12
4.800000000000000000e+01 9.760288262630734535e-13
4.900000000000000000e+01 9.054224856397871401e-13
5.000000000000000000e+01 8.408573292409533692e-13
5.100000000000000000e+01 7.823333570665717368e-13
5.200000000000000000e+01 7.287178470745576438e-13
5.300000000000000000e+01 6.794444382438687399e-13
5.400000000000000000e+01 6.341355565604763879e-13
5.500000000000000000e+01 5.924136280103528593e-13
5.600000000000000000e+01 5.537122915724552989e-13
5.700000000000000000e+01 5.182203342537981264e-13
5.800000000000000000e+01 4.853713950333388909e-13
5.900000000000000000e+01 4.551654739110773902e-13
6.000000000000000000e+01 4.272249968729854919e-13
6.200000000000000000e+01 3.781403750493106038e-13
6.400000000000000000e+01 3.360408724851586903e-13
6.600000000000000000e+01 2.994161931244167166e-13
6.800000000000000000e+01 2.676999759460421813e-13
7.000000000000000000e+01 2.399482859149644502e-13
7.200000000000000000e+01 2.163499100381976907e-13
7.400000000000000000e+01 1.953945522596288175e-13
7.600000000000000000e+01 1.772332421848691139e-13
7.800000000000000000e+01 1.612429826907719545e-13
