1.000000000000000021e-02 0.000000000000000000e+00
1.499999999999999944e-02 0.000000000000000000e+00
2.249999999999999917e-02 0.000000000000000000e+00
3.375000000000000222e-02 0.000000000000000000e+00
5.063000000000000139e-02 0.000000000000000000e+00
7.593999999999999362e-02 0.000000000000000000e+00
1.139000000000000012e-01 0.000000000000000000e+00
1.708999999999999964e-01 7.714356896101256928e-19
2.562999999999999723e-01 5.113158533399134500e-15
3.649999999999999911e-01 1.405406589833657469e-12
4.099999999999999756e-01 5.200498040467966025e-12
4.329999999999999960e-01 9.009260022643481926e-12
5.500000000000000444e-01 6.451731413475775232e-11
6.999999999999999556e-01 2.548035184486312441e-10
9.000000000000000222e-01 6.470718262838563608e-10
1.235000000000000098e+00 1.207183882486138148e-09
1.661999999999999922e+00 1.419266989868493826e-09
2.158999999999999808e+00 1.241360211339158931e-09
2.500000000000000000e+00 1.049213295787731785e-09
2.799999999999999822e+00 8.876352077103957152e-10
3.100000000000000089e+00 7.467527854384997437e-10
3.399999999999999911e+00 6.280849769210671056e-10
3.700000000000000178e+00 5.303027027027026896e-10
4.000000000000000000e+00 4.499883298981042932e-10
4.500000000000000000e+00 3.468897378581589146e-10
5.000000000000000000e+00 2.722714198623973155e-10
5.500000000000000000e+00 2.170196882166807028e-10
6.000000000000000000e+00 1.757992382500653225e-10
6.500000000000000000e+00 1.444899236508259104e-10
7.000000000000000000e+00 1.203196644119952348e-10
7.500000000000000000e+00 1.014467361453827559e-10
8.000000000000000000e+00 8.644712514877928725e-11
8.500000000000000000e+00 7.442844950213370764e-11
9.000000000000000000e+00 6.470718262838563091e-11
9.250000000000000000e+00 6.073893111156268785e-11
9.500000000000000000e+00 5.718839028072111129e-11
9.750000000000000000e+00 5.399859958777251957e-11
1.000000000000000000e+01 5.132145382761924013e-11
1.025000000000000000e+01 5.202396725404244391e-11
1.050000000000000000e+01 5.361886260051673654e-11
1.075000000000000000e+01 5.620107411385607669e-11
1.100000000000000000e+01 5.992249658896274656e-11
1.125000000000000000e+01 5.823266699567451464e-11
1.150000000000000000e+01 5.297330972218190796e-11
1.175000000000000000e+01 4.723928121461955957e-11
1.200000000000000000e+01 4.235966092838273593e-11
1.225000000000000000e+01 3.816356721920631787e-11
1.250000000000000000e+01 3.478390803262983464e-11
1.275000000000000000e+01 3.206878857375097818e-11
1.300000000000000000e+01 2.982834034894185051e-11
1.325000000000000000e+01 2.846128719482102964e-11
1.350000000000000000e+01 2.701828664324905152e-11
1.375000000000000000e+01 2.555629924231427844e-11
1.400000000000000000e+01 2.405633814265393157e-11
1.425000000000000000e+01 2.310699567451447075e-11
1.450000000000000000e+01 2.219562690510059017e-11
1.475000000000000000e+01 2.132223183441228660e-11
1.500000000000000000e+01 2.046782361308677154e-11
1.525000000000000000e+01 1.980328388538914800e-11
1.550000000000000000e+01 1.917671785641710470e-11
1.575000000000000000e+01 1.857103736174412907e-11
1.600000000000000000e+01 1.800333056579673046e-11
1.625000000000000000e+01 1.747929352338374961e-11
1.650000000000000000e+01 1.698373675501495314e-11
1.675000000000000000e+01 1.651096420588150029e-11
1.700000000000000000e+01 1.606097587598339429e-11
1.725000000000000000e+01 1.567554283391877373e-11
1.750000000000000000e+01 1.531099532615322085e-11
1.775000000000000000e+01 1.496353598281418054e-11
1.800000000000000000e+01 1.463506348883792227e-11
1.825000000000000000e+01 1.432937521409701731e-11
1.850000000000000000e+01 1.403507904897378578e-11
1.875000000000000000e+01 1.375787104827706197e-11
1.900000000000000000e+01 1.349015647226173726e-11
1.925000000000000000e+01 1.323383400586407951e-11
1.950000000000000000e+01 1.298700496414782086e-11
1.975000000000000000e+01 1.275156803204923402e-11
2.000000000000000000e+01 1.252372583969576549e-11
2.025000000000000000e+01 1.231676918164136302e-11
2.050000000000000000e+01 1.211740726333207564e-11
2.075000000000000000e+01 1.192564008476790495e-11
2.100000000000000000e+01 1.173956896101257016e-11
2.125000000000000000e+01 1.156299126193863124e-11
2.150000000000000000e+01 1.139021093273724906e-11
2.175000000000000000e+01 1.122692402821726112e-11
2.200000000000000000e+01 1.106553580863355236e-11
2.225000000000000000e+01 1.091933706854007699e-11
2.250000000000000000e+01 1.077693569831915512e-11
2.275000000000000000e+01 1.064023038290707401e-11
2.300000000000000000e+01 1.050922112230382879e-11
2.325000000000000000e+01 1.037061712195546689e-11
2.350000000000000000e+01 1.023581049147966333e-11
2.375000000000000000e+01 1.010669991581269729e-11
2.400000000000000000e+01 9.977589340145731252e-12
2.430000000000000071e+01 9.827593230179695919e-12
2.460000000000000142e+01 9.681394490086218933e-12
2.489999999999999858e+01 9.537094434929019505e-12
2.519999999999999929e+01 9.392794379771823309e-12
2.550000000000000000e+01 9.248494324614625497e-12
2.580000000000000071e+01 9.106092954393705243e-12
2.610000000000000142e+01 8.969387638981624125e-12
2.639999999999999858e+01 8.845973118123493992e-12
2.669999999999999929e+01 8.724457282201643033e-12
2.700000000000000000e+01 8.604840131216069632e-12
2.730000000000000071e+01 8.475729555549105210e-12
2.760000000000000142e+01 8.346618979882137556e-12
2.789999999999999858e+01 8.219407089151450691e-12
2.819999999999999929e+01 8.094093883357041385e-12
2.850000000000000000e+01 7.968780677562633694e-12
2.880000000000000071e+01 7.845366156704503561e-12
2.910000000000000142e+01 7.723850320782650986e-12
2.939999999999999858e+01 7.604233169797079201e-12
2.969999999999999929e+01 7.486514703747786589e-12
3.000000000000000000e+01 7.368796237698492361e-12
3.050000000000000000e+01 7.148548785090138911e-12
3.100000000000000000e+01 6.933997387290620559e-12
3.150000000000000000e+01 6.723243359363659747e-12
3.200000000000000000e+01 6.520084071181814821e-12
3.250000000000000000e+01 6.320722152872529050e-12
3.300000000000000000e+01 6.125157604435800819e-12
3.350000000000000000e+01 5.937187795744186859e-12
3.400000000000000000e+01 5.751116671988852881e-12
3.450000000000000000e+01 5.572640287978633982e-12
3.500000000000000000e+01 5.396062588904694256e-12
3.575000000000000000e+01 5.126449327953087138e-12
3.650000000000000000e+01 4.868228176619153446e-12
3.725000000000000000e+01 4.623297819839173969e-12
3.800000000000000000e+01 4.387860887740587130e-12
3.875000000000000000e+01 4.163816065259673717e-12
3.950000000000000000e+01 3.951163352396435347e-12
4.025000000000000000e+01 3.746105379278311247e-12
4.100000000000000000e+01 3.542946091096467129e-12
4.175000000000000000e+01 3.351178912532296034e-12
4.250000000000000000e+01 3.170803843585798769e-12
4.325000000000000000e+01 3.001820884256974526e-12
4.400000000000000000e+01 2.840432664673265767e-12
4.500000000000000000e+01 2.639172061427700418e-12
4.600000000000000000e+01 2.451202252736087266e-12
4.700000000000000000e+01 2.276523238598426311e-12
4.800000000000000000e+01 2.115135019014717955e-12
4.900000000000000000e+01 1.967037593984962200e-12
5.000000000000000000e+01 1.829572804598368363e-12
5.100000000000000000e+01 1.705019072778471372e-12
5.200000000000000000e+01 1.589958765639968634e-12
5.300000000000000000e+01 1.483252672221093290e-12
5.400000000000000000e+01 1.384710924028217061e-12
5.500000000000000000e+01 1.293384178593201167e-12
5.600000000000000000e+01 1.207943356460649459e-12
5.700000000000000000e+01 1.129147931605074455e-12
5.800000000000000000e+01 1.055858693064708287e-12
5.900000000000000000e+01 9.882655093331786300e-13
6.000000000000000000e+01 9.256089064359739768e-13
6.200000000000000000e+01 8.158649171190524000e-13
6.400000000000000000e+01 7.211205387987343161e-13
6.600000000000000000e+01 6.387176125642290435e-13
6.800000000000000000e+01 5.667574534792579135e-13
7.000000000000000000e+01 5.042907190756815411e-13
7.200000000000000000e+01 4.507478038726159420e-13
7.400000000000000000e+01 4.040401544401544190e-13
7.600000000000000000e+01 3.634082968037855147e-13
7.800000000000000000e+01 3.279028884953696926e-13
