7.673600000000000421e+00 7.943869999999999835e-11
7.863599999999999923e+00 7.787950000000000233e-11
8.048500000000000654e+00 7.740399999999999451e-11
8.228600000000000136e+00 7.779650000000000117e-11
8.404299999999999216e+00 7.672319999999999361e-11
8.575799999999999201e+00 7.441199999999999595e-11
8.743600000000000705e+00 7.154100000000000142e-11
8.907799999999999940e+00 6.979729999999999947e-11
9.068599999999999994e+00 6.611980000000000105e-11
9.226200000000000401e+00 6.301180000000000258e-11
9.380900000000000460e+00 5.996779999999999738e-11
9.532799999999999940e+00 5.636710000000000122e-11
9.682000000000000384e+00 5.376500000000000123e-11
9.828599999999999781e+00 5.281829999999999921e-11
9.972799999999999443e+00 5.207110000000000256e-11
1.011480000000000068e+01 4.987569999999999921e-11
1.025450000000000017e+01 4.965830000000000056e-11
1.039220000000000077e+01 4.976810000000000157e-11
1.052790000000000070e+01 5.000069999999999878e-11
1.066159999999999997e+01 5.046970000000000254e-11
1.079349999999999987e+01 5.173820000000000183e-11
1.092370000000000019e+01 5.302999999999999679e-11
1.105209999999999937e+01 5.373299999999999813e-11
1.117900000000000027e+01 5.450739999999999936e-11
1.130419999999999980e+01 5.209480000000000295e-11
1.142800000000000082e+01 5.064609999999999843e-11
1.155030000000000001e+01 4.939739999999999710e-11
1.167109999999999914e+01 4.746709999999999835e-11
1.179069999999999929e+01 4.571440000000000320e-11
1.190889999999999915e+01 4.244060000000000154e-11
1.202580000000000027e+01 3.995229999999999810e-11
1.214150000000000063e+01 3.727729999999999829e-11
1.225600000000000023e+01 3.521969999999999704e-11
1.236930000000000085e+01 3.255489999999999813e-11
1.248160000000000025e+01 3.123520000000000165e-11
1.259270000000000067e+01 2.913740000000000063e-11
1.270279999999999987e+01 2.795619999999999997e-11
1.281179999999999986e+01 2.547259999999999872e-11
1.291990000000000016e+01 2.410630000000000119e-11
1.302689999999999948e+01 2.465769999999999903e-11
1.313299999999999912e+01 2.364209999999999919e-11
1.323820000000000086e+01 2.256399999999999958e-11
1.334249999999999936e+01 2.272169999999999920e-11
1.344589999999999996e+01 2.171139999999999895e-11
1.060200000000000031e+01 4.769019999999999807e-11
1.099290000000000056e+01 4.818460000000000130e-11
1.137040000000000006e+01 4.872870000000000178e-11
1.173569999999999958e+01 4.689939999999999704e-11
1.208990000000000009e+01 4.058119999999999837e-11
1.243389999999999951e+01 3.515509999999999992e-11
1.276870000000000083e+01 2.968339999999999931e-11
1.309479999999999933e+01 2.511259999999999944e-11
1.341310000000000002e+01 2.188989999999999864e-11
1.372390000000000043e+01 2.051939999999999999e-11
1.402779999999999916e+01 1.914620000000000015e-11
1.432520000000000060e+01 1.824969999999999967e-11
1.461660000000000004e+01 1.744800000000000078e-11
1.490220000000000056e+01 1.738359999999999956e-11
1.518249999999999922e+01 1.816059999999999918e-11
1.545759999999999934e+01 1.846070000000000029e-11
1.572799999999999976e+01 1.593979999999999959e-11
1.599370000000000047e+01 1.503840000000000103e-11
1.625509999999999877e+01 1.501760000000000096e-11
1.651229999999999976e+01 1.375359999999999988e-11
1.676559999999999917e+01 1.377999999999999985e-11
1.701510000000000034e+01 1.397840000000000030e-11
1.726099999999999923e+01 1.230410000000000045e-11
1.750339999999999918e+01 1.234259999999999953e-11
1.774249999999999972e+01 1.121760000000000018e-11
1.797840000000000060e+01 1.090839999999999985e-11
1.821130000000000138e+01 9.703669999999999990e-12
1.844119999999999848e+01 1.120019999999999987e-11
1.866819999999999879e+01 1.045049999999999955e-11
1.889249999999999829e+01 9.477609999999999235e-12
1.911420000000000030e+01 9.787710000000000509e-12
1.933340000000000103e+01 9.855869999999999281e-12
1.955000000000000071e+01 8.377550000000000386e-12
1.976429999999999865e+01 8.091580000000000545e-12
1.997629999999999839e+01 9.144459999999999589e-12
2.018609999999999971e+01 6.577100000000000318e-12
2.039369999999999905e+01 8.170109999999999808e-12
2.059919999999999973e+01 8.337389999999999475e-12
2.080260000000000176e+01 7.011640000000000201e-12
2.100410000000000110e+01 7.454329999999999399e-12
2.120370000000000132e+01 7.792559999999999261e-12
2.140139999999999887e+01 6.664189999999999698e-12
2.159730000000000061e+01 6.448980000000000254e-12
2.179139999999999944e+01 8.235110000000000036e-12
2.198379999999999868e+01 5.932130000000000089e-12
2.217449999999999832e+01 6.522430000000000108e-12
2.236360000000000170e+01 6.101690000000000025e-12
2.255110000000000170e+01 4.667600000000000023e-12
2.273710000000000164e+01 5.524929999999999966e-12
